3084996963
1444465436
4098901205
2458369678
817838151
3472273920
1831742393
191210866
2845646635
1205115108
3859550877
2219019350
578487823
3232923592
1592392065
4246827834

11111101001000010111001100111010
10011011010110001110110011110011
00111001100100000110011010101100
11010111110001111110000001100101
01110101111111110101101000011110
00010100001101101101001111010111
10110010011011100100110110010000
01010000101001011100011101001001
11101110110111010100000100000010
10001101000101001011101010111011
00101011010011000011010001110100