A state of DMem:
10111111000010101000101100011101
01101000001001010011110011100110
01001100100100001001111111011011
11001111001011100011111111001101
10101001011001110110100111111101
00000100011101010011100010011000
00111000111110000101011000001000
01101000001110011110011100000010
10100011101001001100101010011001
10010101100101101011111100111100
01110100110010101011110001101000
11010000101001111000011110110000
11110111001011001101111010011001
00100000000100101101110100110111
01100111011111001110010111011100
01111110110011000001100100001001
01100101011100110001010100001001
11010110000000110010010111100011
11001000111101011110101000110011
10101011011100000001101011010110
01001111000000000100111101111111
01011010110110100010010011111101
11011111100010110011001001001111
11011110101111000110100100110011
10000011011110110111010100100110
10111111010000001000000010000011
00000000000000000000000000000000
00000000000000000000000000000000
00000000000000000000000000000000
00000000000000000000000000000000
00000000000000000000000000000000
00000000000000000000000000000000
00000000000000000000000000000000
00000000000000000000000000000000
00000000000000000000000000000000
00000000000000000000000000000000
00000000000000000000000000000000
00000000000000000000000000000000
00000000000000000000000000000000
00000000000000000000000000000000
11001001001000000110011001110110
11111001101100011010010011000001
10101101011011110001100111010101
01100100100111100100101010110110
00000000000000000000000000000000
00000000000000000000000000000000
00000000000000000000000000000000
00000000000000000000000000000000
00000000000000000000000000000000
00000000000000000000000000000000
A state of DMem:
10111111111001011000001100001011
01100001001001101011001100001100
10000010101010100010000101010110
10000101101010011001000010101011
00010110101111111101101110011000
10000001111001010101011001010100
10010011010011111001010111110011
00100011101101011010000001010101
01110101110110100000101101111011
10100100101001111001001000000011
11001011100010011101011000000100
11010000110100100100110100110011
01011100000010010000010010110100
11110010001111010101000101100010
11100111110100110011100000000111
11111010001101100011111100001010
01101010111000101000101101000100
10101110110110011001111001000111
00111001000000011001010000001100
01011100100111011011010101111100
10001000100110100000101011101100
10101111011111111100010101010000
11111001111001101101000110111111
01010101010111101100001010000111
10100011011011100000010010110011
11001110001100101101010011011001
00000000000000000000000000000000
00000000000000000000000000000000
00000000000000000000000000000000
00000000000000000000000000000000
00000000000000000000000000000000
00000000000000000000000000000000
00000000000000000000000000000000
00000000000000000000000000000000
00000000000000000000000000000000
00000000000000000000000000000000
00000000000000000000000000000000
00000000000000000000000000000000
00000000000000000000000000000000
00000000000000000000000000000000
00010010000010001001110101011110
10011011100100111000100011101001
11010111000101111101010101100101
10000101010111110010001100110101
00000000000000000000000000000000
00000000000000000000000000000000
00000000000000000000000000000000
00000000000000000000000000000000
00000000000000000000000000000000
00000000000000000000000000000000
A state of DMem:
10011011101110111101100011001000
00011010001101111111011111111011
01000110111110001110100011000101
01000110000011000110000010000101
01110000111110000011101110001010
00101000010010111000001100000011
01010001001111100001010001010100
11110110001000011110110100100010
00110001001001010000011001011101
00010001101010000011101001011101
11010100001001110110100001101011
01110001001110101101100000101101
01001011011110010010111110011001
00100111100110011010010011011101
10100111100100000001110001001001
11011110110111101000011100011010
00110110110000000011000110010110
10100111111011111100001001001001
01100001101001111000101110111000
00111011000010100001110100101011
01001101101111111100101001110110
10101110000101100010000101100111
00110000110101110110101100001010
01000011000110010010001100000100
11110110110011000001010000110001
01100101000001000110001110000000
00000000000000000000000000000000
00000000000000000000000000000000
00000000000000000000000000000000
00000000000000000000000000000000
00000000000000000000000000000000
00000000000000000000000000000000
00000000000000000000000000000000
00000000000000000000000000000000
00000000000000000000000000000000
00000000000000000000000000000000
00000000000000000000000000000000
00000000000000000000000000000000
00000000000000000000000000000000
00000000000000000000000000000000
01000111101000011010001101100110
10110001000000000100100001010010
00000010001011001111011011001111
01011000010100100101101011001111
00000000000000000000000000000000
00000000000000000000000000000000
00000000000000000000000000000000
00000000000000000000000000000000
00000000000000000000000000000000
00000000000000000000000000000000
A state of DMem:
10011011101110111101100011001000
00011010001101111111011111111011
01000110111110001110100011000101
01000110000011000110000010000101
01110000111110000011101110001010
00101000010010111000001100000011
01010001001111100001010001010100
11110110001000011110110100100010
00110001001001010000011001011101
00010001101010000011101001011101
11010100001001110110100001101011
01110001001110101101100000101101
01001011011110010010111110011001
00100111100110011010010011011101
10100111100100000001110001001001
11011110110111101000011100011010
00110110110000000011000110010110
10100111111011111100001001001001
01100001101001111000101110111000
00111011000010100001110100101011
01001101101111111100101001110110
10101110000101100010000101100111
00110000110101110110101100001010
01000011000110010010001100000100
11110110110011000001010000110001
01100101000001000110001110000000
00000000000000000000000000000000
00000000000000000000000000000000
00000000000000000000000000000000
00000000000000000000000000000000
00000000000000000000000000000000
00000000000000000000000000000000
00000000000000000000000000000000
00000000000000000000000000000000
00000000000000000000000000000000
00000000000000000000000000000000
00000000000000000000000000000000
00000000000000000000000000000000
00000000000000000000000000000000
00000000000000000000000000000000
01000111101000011010001101100110
10110001000000000100100001010010
00000010001011001111011011001111
01011000010100100101101011001111
00000000000000000000000000000000
00000000000000000000000000000000
00000000000000000000000000000000
00000000000000000000000000000000
00000000000000000000000000000000
00000000000000000000000000000000
