A state of DMem:
10011011101110111101100011001000
00011010001101111111011111111011
01000110111110001110100011000101
01000110000011000110000010000101
01110000111110000011101110001010
00101000010010111000001100000011
01010001001111100001010001010100
11110110001000011110110100100010
00110001001001010000011001011101
00010001101010000011101001011101
11010100001001110110100001101011
01110001001110101101100000101101
01001011011110010010111110011001
00100111100110011010010011011101
10100111100100000001110001001001
11011110110111101000011100011010
00110110110000000011000110010110
10100111111011111100001001001001
01100001101001111000101110111000
00111011000010100001110100101011
01001101101111111100101001110110
10101110000101100010000101100111
00110000110101110110101100001010
01000011000110010010001100000100
11110110110011000001010000110001
01100101000001000110001110000000
00000000000000000000000000000000
00000000000000000000000000000000
00000000000000000000000000000000
00000000000000000000000000000000
00000000000000000000000000000000
00000000000000000000000000000000
00000000000000000000000000000000
00000000000000000000000000000000
00000000000000000000000000000000
00000000000000000000000000000000
00000000000000000000000000000000
00000000000000000000000000000000
00000000000000000000000000000000
00000000000000000000000000000000
00000000000000000000000000000000
00000000000000000000000000000000
00000000000000000000000000000000
00000000000000000000000000000000
00000000000000000000000000000000
00000000000000000000000000000000
00000000000000000000000000000000
00000000000000000000000000000000
00000000000000000000000000000000
00000000000000000000000000000000
11111111111111111111111111111111
11111111111111111111111111111111
00000000000000000000000000000000
01001100011100011001111011001010
01011001001111101111111100011111
00000000000000000000000000000000
00000000000000000000000000000000
11111111111111111111111111111111
11111111111111111111111111111111
00000000000000000000000000000000
00000000000000000000000000000000
00000000000000000000000000000000
00000000000000000000000000000000
00000000000000000000000000000000
00000000000000000000000000000000
